{
  "advancedEditorSelectedIdentifier" : "ProjectBrowser",
  "openSceneRelativePaths" : [
    "Scene.usda",
    "PhaseOne.usda",
    "PhaseTwo.usda"
  ],
  "recentIdentifiers" : {
    "26DBAE76-5DD8-47B6-A085-1B4ADA111097" : [

    ],
    "B884122A-6F8E-4DFA-BA1F-FC34B5750D39" : [

    ]
  },
  "sceneCameraHistory" : {
    "26DBAE76-5DD8-47B6-A085-1B4ADA111097" : [
      {
        "date" : 718271615.112185,
        "title" : "Untitled",
        "transform" : [
          0.9999989,
          1.1763849e-11,
          0.001434012,
          0,
          0.00043348668,
          0.9532162,
          -0.30228913,
          0,
          -0.0013669234,
          0.30228943,
          0.9532152,
          0,
          -0.00070989446,
          0.15709512,
          0.4954403,
          1
        ]
      },
      {
        "date" : 718271605.234643,
        "title" : "Untitled",
        "transform" : [
          0.99999994,
          0,
          -0,
          0,
          -0,
          0.8660254,
          -0.49999994,
          0,
          0,
          0.49999994,
          0.8660254,
          0,
          0,
          0.25977114,
          0.45013684,
          1
        ]
      }
    ],
    "825773BC-580F-43C6-BD05-609B906E83CF" : [
      {
        "date" : 718331377.835641,
        "title" : "Untitled",
        "transform" : [
          0.99999994,
          0,
          0,
          0,
          0,
          0.8660255,
          -0.49999988,
          0,
          0,
          0.49999988,
          0.8660255,
          0,
          0,
          0.52586854,
          0.91083145,
          1
        ]
      },
      {
        "date" : 718331358.67613,
        "title" : "Untitled",
        "transform" : [
          0.99999994,
          0,
          -0,
          0,
          -0,
          0.8660255,
          -0.49999988,
          0,
          0,
          0.49999988,
          0.8660255,
          0,
          0,
          0.2593365,
          0.44918403,
          1
        ]
      }
    ],
    "B884122A-6F8E-4DFA-BA1F-FC34B5750D39" : [
      {
        "date" : 718321952.835766,
        "title" : "Untitled",
        "transform" : [
          0.8876754,
          -0.00038678845,
          0.4604697,
          0,
          0.21106024,
          0.8891089,
          -0.4061268,
          0,
          -0.40925062,
          0.4576956,
          0.7893217,
          0,
          -0.064540185,
          0.40400702,
          0.5539431,
          1
        ]
      },
      {
        "date" : 718320631.665519,
        "title" : "Untitled",
        "transform" : [
          0.8876754,
          -0.00038678845,
          0.4604697,
          0,
          0.21106024,
          0.8891089,
          -0.4061268,
          0,
          -0.40925062,
          0.4576956,
          0.7893217,
          0,
          -0.088337496,
          0.5529728,
          0.7581934,
          1
        ]
      },
      {
        "date" : 718317647.783652,
        "title" : "Untitled",
        "transform" : [
          0.9993717,
          -1.6786168e-09,
          0.035444006,
          0,
          0.014379133,
          0.91401255,
          -0.40543097,
          0,
          -0.032396264,
          0.40568593,
          0.9134383,
          0,
          -0.088337496,
          0.5529728,
          0.7581934,
          1
        ]
      },
      {
        "date" : 718317587.81226,
        "title" : "Untitled",
        "transform" : [
          0.9891851,
          -2.8576634e-08,
          0.1466725,
          0,
          0.06430496,
          0.89876765,
          -0.43368378,
          0,
          -0.13182448,
          0.4384254,
          0.8890476,
          0,
          -0.088337496,
          0.5529728,
          0.7581934,
          1
        ]
      },
      {
        "date" : 718317583.373751,
        "title" : "Untitled",
        "transform" : [
          0.993987,
          -2.830859e-08,
          0.109498456,
          0,
          0.043978944,
          0.91579777,
          -0.39922455,
          0,
          -0.10027844,
          0.40163967,
          0.91029114,
          0,
          -0.19753347,
          0.14834043,
          0.93228877,
          1
        ]
      },
      {
        "date" : 718317571.821987,
        "title" : "Untitled",
        "transform" : [
          0.9782819,
          3.3734224e-09,
          0.20727849,
          0,
          0.056015074,
          0.9627928,
          -0.26437154,
          0,
          -0.19956626,
          0.27024063,
          0.9418829,
          0,
          -0.103509635,
          0.14016658,
          0.4885292,
          1
        ]
      },
      {
        "date" : 718310129.662741,
        "title" : "Untitled",
        "transform" : [
          0.99999994,
          0,
          -0,
          0,
          -0,
          0.8660255,
          -0.49999988,
          0,
          0,
          0.49999988,
          0.8660255,
          0,
          0,
          0.2593365,
          0.44918403,
          1
        ]
      }
    ]
  },
  "selectedSceneRelativePath" : "PhaseOne.usda"
}